# Festo data
mA_values = [12.00, 12.5767, 13.1288, 13.4969, 13.9264, 14.2945, 14.6626, 14.9693, 15.3988, 15.9509, 16.5031, 17.0552, 17.546, 18.0982, 18.7117, 19.3865]
q_percentage = [0, 1.02459, 3.07377, 6.14754, 10.7582, 17.9303, 25.5902, 31.25, 39.959, 47.6926, 58.9139, 67.1107, 74.2828, 81.9672, 90.1639, 98.3607]

# Numpy cubic spline interpolation
mA_new = [12.0, 12.1, 12.2, 12.3, 12.4, 12.5, 12.6, 12.7, 12.8, 12.9, 13.0, 13.1, 13.2, 13.3, 13.4, 13.5, 13.6, 13.7, 13.8, 13.9, 14.0, 14.1, 14.2, 14.3, 14.4, 14.5, 14.6, 14.7, 14.8, 14.9, 15.0, 15.1, 15.2, 15.3, 15.4, 15.5, 15.6, 15.7, 15.8, 15.9, 16.0, 16.1, 16.2, 16.3, 16.4, 16.5, 16.6, 16.7, 16.8, 16.9, 17.0, 17.1, 17.2, 17.3, 17.4, 17.5, 17.6, 17.7, 17.8, 17.9, 18.0, 18.1, 18.2, 18.3, 18.4, 18.5, 18.6, 18.7, 18.8, 18.9, 19.0, 19.1, 19.2, 19.3, 19.4, 19.5, 19.6, 19.7, 19.8, 19.9, 20.0, 20.1]
q_new = [0.0, 0.261, 0.4617, 0.6223, 0.7629, 0.9038, 1.0651, 1.267, 1.5298, 1.8737, 2.3187, 2.8852, 3.5892, 4.405, 5.2834, 6.1749, 7.0547, 7.9887, 9.0635, 10.3656, 11.9699, 13.8445, 15.9008, 18.0494, 20.21, 22.3325, 24.3735, 26.2907, 28.105, 29.9249, 31.8644, 33.9537, 36.084, 38.1332, 39.9795, 41.5417, 42.8971, 44.161, 45.4487, 46.8757, 48.5531, 50.4894, 52.5887, 54.7501, 56.8727, 58.8557, 60.6221, 62.1993, 63.6433, 65.0103, 66.3563, 67.7362, 69.1708, 70.6415, 72.1278, 73.6089, 75.0649, 76.4894, 77.8882, 79.2673, 80.6331, 81.9916, 83.3476, 84.6996, 86.0448, 87.3805, 88.7038, 90.012, 91.3022, 92.5717, 93.8176, 95.0373, 96.2278, 97.3864, 98.5103, 99.5967, 100.0, 100.0, 100.0, 100.0, 100.0, 100.0]
